camera_matrix:
- - 1389.71867140422
  - 0.0
  - 634.703149977073
- - 0.0
  - 1399.494627364084
  - 350.45521443582106
- - 0.0
  - 0.0
  - 1.0
dist_coeff:
- - 0.10529632782098257
  - -1.9612287068347214
  - -0.0009677476090518955
  - -0.0046814300342850595
  - 7.275102021468755
