camera_matrix:
- - 2035.6589712311975
  - 0.0
  - 981.720216122387
- - 0.0
  - 2034.2730639809822
  - 496.8917889245158
- - 0.0
  - 0.0
  - 1.0
dist_coeff:
- - 0.26415614226658446
  - -4.944120800763496
  - -0.007202377689584779
  - -0.0006903177547775734
  - 26.451814764186473
