camera_matrix:
- - 1819.6823694800605
  - 0.0
  - 916.15963767511
- - 0.0
  - 1812.4446894918872
  - 530.7331980598187
- - 0.0
  - 0.0
  - 1.0
dist_coeff:
- - 0.3884241696009908
  - -1.0344660659462355
  - -0.011706657328203703
  - 0.0015533279732051252
  - -1.4028907272912117
