camera_matrix:
- - 1225.6770780372776
  - 0.0
  - 645.9971484365474
- - 0.0
  - 1231.4735961548854
  - 363.5604848288126
- - 0.0
  - 0.0
  - 1.0
dist_coeff:
- - 0.4028748605886437
  - -0.8859407197379107
  - -0.012243874442772336
  - 0.0160106205997203
  - 0.6021190653456877
